Jeremy Johnson,82,55,59,83,70,75,52,75,60,93
Heidi Green,91,84,95,78,80,89,74,96,60,92
Mrs. Cindy Miller,52,97,74,84,59,85,65,93,87,54
Devin Cole,52,72,88,97,83,88,87,82,76,76
Dr. Travis Cole,59,87,54,92,62,78,72,86,83,62
Michael Davis,71,61,67,65,75,76,60,80,64,97
Jonathan Jenkins,70,62,60,62,93,90,51,90,53,73
Ashley Williams,91,66,93,97,98,76,86,99,59,76
Karen Robles,100,56,62,55,99,54,80,95,92,85
Jason Espinoza,96,60,95,63,82,60,56,80,80,79
Jade Murray,86,65,67,72,80,56,74,98,66,68
Scott Lopez,55,73,88,63,58,57,85,91,95,81
Samuel Knight,74,93,67,83,84,98,79,76,75,68
Christine Tate,98,74,90,74,81,93,55,87,87,72
Lisa Palmer,97,91,73,82,66,72,50,73,73,50
Eric Tyler,81,66,81,72,78,70,64,64,53,100
Michelle Zimmerman,90,76,72,74,55,99,69,72,56,78
Erica Watkins PhD,57,76,67,99,98,63,56,58,67,67
Michael Blankenship,66,80,95,58,63,56,56,76,99,98
Mrs. Hailey Frederick,89,82,79,83,61,96,89,86,68,75
Tanya Phillips,99,50,72,92,55,95,84,71,72,89
Jacob Huynh,63,71,67,76,69,85,80,71,59,98
Richard Hamilton,96,95,81,85,95,82,61,70,84,99
Caitlin Kelley,75,59,73,72,88,98,55,77,80,72
Andrew Velazquez,69,83,81,84,79,73,69,80,65,85
Brooke Schmidt,67,54,88,69,82,83,68,52,79,62
